92.49044823646545
88.35964369773865
82.029611825943
79.15865421295166
75.43448567390442
76.10522627830505
72.39949369430542
73.131187915802
70.76542949676514
63.71678018569946
65.94232392311096
62.39480972290039
62.12331485748291
60.540385246276855
59.611220598220825
56.552512884140015
56.06577801704407
55.17518401145935
53.63490319252014
51.99899196624756
51.388790130615234
50.38617563247681
51.17800951004028
48.49011278152466
45.61375164985657
44.896780014038086
42.301363706588745
41.610196590423584
39.19066023826599
37.608760595321655
38.368672132492065
35.52914261817932
34.21468138694763
32.51518774032593
30.583277225494385
30.8398859500885
31.06462574005127
27.899332761764526
27.570102214813232
25.848532676696777
24.981171131134033
21.656872749328613
19.64647912979126
17.267754793167114
16.112019777297974
15.136617422103882
13.845852375030518
12.071721315383911
10.86767578125
10.204426288604736
8.984012365341187
7.85030722618103
6.885071754455566
6.33631157875061
5.871452808380127
0.0004875659942626953
