114.55652737617493
108.71939945220947
109.80680251121521
107.33819389343262
105.64006853103638
103.89439058303833
101.36604022979736
99.04102969169617
97.62854599952698
95.34541654586792
93.04882979393005
89.76352834701538
87.87786769866943
85.40429520606995
83.478675365448
80.86237788200378
79.13801765441895
78.13623309135437
76.1972303390503
73.77860951423645
74.03480863571167
72.00864505767822
69.71007061004639
68.21678018569946
65.99357795715332
63.595683574676514
62.57610845565796
59.73556160926819
57.124927043914795
55.10040473937988
53.13203239440918
52.274534940719604
50.030383348464966
48.175427198410034
46.317758560180664
44.40587496757507
43.19113731384277
41.584409952163696
38.60211133956909
36.199973583221436
34.774872064590454
33.5046648979187
29.279404878616333
25.929937839508057
23.416659355163574
22.173457145690918
19.90070414543152
17.335682153701782
15.393349170684814
13.42427134513855
12.447343349456787
10.567156314849854
8.941612005233765
7.852726936340332
7.31011176109314
6.674108028411865
