231.2218337059021
219.209632396698
213.7302417755127
208.32483577728271
203.23830032348633
201.56047415733337
195.52241587638855
193.67722725868225
189.97709393501282
180.4031858444214
179.94047331809998
173.49974942207336
170.8790032863617
167.0484161376953
163.11728048324585
158.17877316474915
155.97867226600647
153.30102610588074
149.66277074813843
146.52495431900024
146.3579969406128
144.15906953811646
141.54531908035278
137.95764446258545
132.43074870109558
129.29890656471252
124.57365798950195
121.32036519050598
115.87358856201172
112.9562120437622
111.53135442733765
107.51214289665222
104.12820863723755
100.27571249008179
96.17501664161682
94.5899589061737
94.21946358680725
88.91867876052856
86.14421200752258
81.5781614780426
79.75534892082214
73.96358251571655
67.68534803390503
62.21377515792847
58.33444356918335
56.99757409095764
52.52761960029602
49.49109435081482
45.33014416694641
42.74579048156738
40.72132849693298
36.99130845069885
34.450639486312866
32.82429504394531
31.466336727142334
22.87006187438965
