112.43902802467346
117.5030288696289
104.0155861377716
101.03275847434998
101.00021958351135
100.11487412452698
100.08088827133179
95.02086162567139
94.42777919769287
91.8851478099823
90.5541160106659
90.14551949501038
88.92868113517761
84.90550065040588
85.70422530174255
84.87013626098633
85.74054646492004
83.16439771652222
83.19399952888489
80.25682234764099
79.55100989341736
79.54774022102356
75.47797894477844
73.89450097084045
73.95306396484375
75.45304703712463
71.12800884246826
71.45609188079834
70.10923600196838
68.21468758583069
67.50000643730164
66.78979158401489
64.94815826416016
64.72461700439453
63.49200987815857
61.45763325691223
59.898722648620605
59.42516231536865
57.019044637680054
56.405707120895386
56.301416873931885
55.92768836021423
53.50817799568176
52.87937259674072
52.450677156448364
50.937140226364136
49.40869212150574
49.36439251899719
47.497905015945435
46.221298933029175
46.09775996208191
45.638230323791504
46.046189308166504
43.57634735107422
42.00302815437317
41.385597467422485
39.810752630233765
39.33067345619202
37.847819328308105
36.20422697067261
36.040871381759644
36.04135298728943
34.25568151473999
33.1290979385376
32.13871693611145
32.17763376235962
30.334762811660767
31.348474740982056
29.7732093334198
29.473398685455322
27.370363473892212
25.920812368392944
25.89365291595459
24.382760286331177
23.40135383605957
22.101399421691895
21.53734016418457
20.53529930114746
19.615769624710083
18.776407480239868
18.45318865776062
17.24677276611328
16.861037492752075
16.522610902786255
14.57919692993164
13.33208703994751
12.113532543182373
11.127459287643433
10.119321346282959
9.276096820831299
8.314960956573486
7.698271989822388
6.573554992675781
5.821794509887695
5.16708779335022
4.517151594161987
4.0093488693237305
3.597795248031616
3.2408065795898438
0.0004336833953857422
