124.64563083648682
112.53269815444946
110.36141538619995
108.23287153244019
108.95508933067322
110.97805047035217
109.50269842147827
115.50882196426392
105.97597455978394
106.7114896774292
105.46974158287048
104.40610837936401
102.97742223739624
101.78046488761902
98.92099785804749
98.22776556015015
101.75338983535767
98.11757755279541
98.56567931175232
97.20138382911682
94.1018397808075
94.02635312080383
93.118497133255
91.65943264961243
90.9253900051117
89.8887209892273
89.20721197128296
87.21224355697632
87.1524543762207
86.1202175617218
84.77494883537292
84.49246573448181
80.98859524726868
78.57044100761414
78.95164704322815
77.05687022209167
75.52538418769836
74.08437180519104
72.92246961593628
71.86639952659607
71.43151330947876
71.2448239326477
68.92930150032043
68.73092341423035
67.24870896339417
66.54787158966064
64.39457559585571
64.61427283287048
63.08316230773926
60.445982217788696
59.498616218566895
59.03351926803589
59.078121185302734
58.78534436225891
57.0487859249115
55.75523018836975
55.56632375717163
53.147743463516235
53.004159450531006
52.235116958618164
50.31558871269226
49.998450756073
47.618175983428955
45.87764859199524
44.99255180358887
43.365596294403076
41.984484910964966
40.96307015419006
40.286484718322754
39.09913229942322
38.55052638053894
37.30797290802002
35.09811997413635
33.70765471458435
32.055941104888916
30.72247576713562
29.511371850967407
28.7993586063385
27.12197709083557
26.16702890396118
24.77757501602173
23.904465675354004
22.79661726951599
21.99231767654419
21.335004091262817
20.044851064682007
17.57490634918213
16.26277446746826
14.944017171859741
13.56038761138916
12.000824689865112
10.875611305236816
9.82954740524292
8.468616485595703
7.395986795425415
6.393878936767578
5.5179829597473145
4.766190052032471
4.323793172836304
3.865266799926758
