273.7011396884918
262.4012656211853
246.60764622688293
241.27143025398254
241.66433000564575
243.2094371318817
241.11187720298767
241.9492108821869
231.92845678329468
230.41764974594116
227.4564504623413
226.12170886993408
223.4144549369812
218.00387120246887
215.7588701248169
215.06737399101257
218.34571146965027
211.93400311470032
212.54507660865784
208.08198380470276
204.35922265052795
203.7255780696869
199.11912059783936
195.59753441810608
194.40920424461365
195.52649903297424
190.04191493988037
188.20601606369019
186.8126347064972
183.46488785743713
181.19838404655457
180.75513434410095
175.2926905155182
172.97090339660645
171.4678077697754
167.4113621711731
164.50720286369324
162.34715580940247
158.3399999141693
156.81139254570007
155.99501729011536
155.7207543849945
150.8270604610443
149.58771896362305
147.79540300369263
145.5466763973236
141.7436647415161
141.31036138534546
138.70587372779846
134.40584015846252
132.73336696624756
131.68906235694885
132.7412359714508
129.7137897014618
126.66192507743835
124.36043167114258
122.66267037391663
119.08838295936584
117.63245725631714
114.89548468589783
113.15690445899963
111.84972834587097
107.9531831741333
105.39926648139954
103.88173031806946
101.87078905105591
98.44887232780457
98.46007013320923
96.03267025947571
94.25303292274475
91.57373714447021
88.66414260864258
86.76727366447449
83.40164256095886
80.89632606506348
78.27871513366699
76.4201238155365
75.15686869621277
71.92294096946716
69.85402703285217
67.9567482471466
66.3362123966217
64.95943903923035
63.52932405471802
61.15606760978699
58.16041421890259
53.93199276924133
52.42909836769104
49.60967421531677
47.21789598464966
44.526397705078125
43.36328101158142
40.782304525375366
38.021260023117065
36.50854420661926
35.23336625099182
33.48281955718994
32.43567204475403
31.324100732803345
25.12344527244568
