80.20026540756226
70.58245658874512
65.2756621837616
63.809199810028076
61.31586480140686
58.98793959617615
56.449934005737305
55.2283673286438
52.20993375778198
50.01382040977478
47.28463363647461
44.912296533584595
43.97607612609863
36.621469497680664
32.13312864303589
31.06567072868347
28.20189118385315
25.92643117904663
24.073912143707275
22.383403539657593
21.07001829147339
18.726831912994385
16.900086164474487
14.929965496063232
13.34149956703186
11.887472867965698
11.105730772018433
0.0010094642639160156
