109.46838665008545
104.48794269561768
104.16043663024902
99.5120439529419
95.63830876350403
90.90854787826538
87.46314311027527
83.60740375518799
79.36910462379456
76.03885769844055
72.6691575050354
69.55394148826599
64.84267282485962
63.313944578170776
55.166425943374634
50.85359573364258
46.79343032836914
42.10014200210571
38.134010553359985
33.83358812332153
29.940754413604736
26.24123525619507
22.327381372451782
19.72291922569275
16.86736559867859
14.653146505355835
13.158623218536377
12.141800165176392
