207.00784993171692
190.9151952266693
185.3996922969818
179.3352427482605
172.64036059379578
165.55163073539734
159.66572833061218
154.25769567489624
147.12111687660217
141.5501263141632
135.34795832633972
129.52574038505554
124.0628752708435
114.80857372283936
102.14767551422119
97.26743936538696
89.80452275276184
82.76491475105286
77.09262895584106
71.08035731315613
65.726642370224
60.11552953720093
54.15235948562622
50.83061099052429
44.83295035362244
41.23682451248169
38.91369605064392
25.392282009124756
